NA06994 6 6 2 3 5
NA07000 4 4 2 2 4
NA07357 6 6 2 2 5
NA11831 5 5 2 2 4
NA11881 5 5 2 3 4
NA11995 2 2 2 1 2
NA12003 5 5 2 2 4
NA12004 4 4 2 2 4
NA12006 4 4 2 2 3
NA12043 5 5 2 2 5
NA12044 4 4 2 2 4
NA12144 4 4 2 2 4
NA12154 3 3 2 2 2
NA12155 5 5 2 2 5
NA12156 6 6 2 2 5
NA12249 4 4 2 2 3
NA12716 2 2 2 1 2
NA12717 4 4 2 2 3
NA12750 6 4 2 2 4
NA12751 4 4 2 2 4
NA12761 4 3 2 2 4
NA12763 8 6 2 3 6
NA12813 4 4 2 2 4
NA18501 4 4 2 2 3
NA18502 9 7 2 4 7
NA18504 6 5 2 2 4
NA18505 5 5 2 3 4
NA18516 3 3 2 2 3
NA18517 4 3 2 2 3
NA18522 4 4 2 2 4
NA18523 4 4 2 2 3
NA18526 3 3 2 1 3
NA18537 4 4 2 2 4
NA18545 5 5 2 2 5
NA18547 3 3 2 1 3
NA18550 3 3 2 2 2
NA18552 2 2 2 1 2
NA18555 4 4 2 2 4
NA18558 4 4 2 2 4
NA18561 4 4 2 2 3
NA18562 6 6 2 3 5
NA18563 6 6 2 2 6
NA18564 3 3 2 1 3
NA18566 4 4 2 2 4
NA18570 6 6 2 3 5
NA18571 6 6 2 2 6
NA18572 4 4 2 2 4
NA18573 5 5 2 2 5
NA18577 4 4 2 2 4
NA18582 4 4 2 2 4
NA18592 3 3 2 1 3
NA18593 4 4 2 2 3
NA18603 5 5 2 3 5
NA18605 4 4 2 4 4
NA18608 2 2 2 1 2
NA18609 5 5 2 2 4
NA18853 5 5 2 2 5
NA18856 4 4 2 2 4
NA18858 8 8 2 4 7
NA18861 6 6 2 2 6
NA18870 3 3 2 1 2
NA18871 4 4 2 2 4
NA18912 6 5 2 3 6
NA18940 5 5 2 2 5
NA18942 3 3 2 1 2
NA18943 4 4 2 2 3
NA18944 4 4 2 2 3
NA18945 4 4 2 2 3
NA18947 4 4 2 2 4
NA18948 4 4 2 2 3
NA18949 4 4 2 2 3
NA18951 4 4 2 2 3
NA18952 5 5 2 2 4
NA18956 4 4 2 2 4
NA18959 4 4 2 2 3
NA18961 5 5 2 2 4
NA18964 5 5 2 2 5
NA18965 4 4 2 2 4
NA18967 4 4 2 2 4
NA18971 5 5 2 3 4
NA18972 2 2 2 1 2
NA18973 4 4 2 2 3
NA18974 6 6 2 3 5
NA18975 5 5 2 3 5
NA18976 3 3 2 2 2
NA18980 4 4 2 2 4
NA18981 7 7 2 4 6
NA19005 4 4 2 2 4
NA19093 4 4 2 2 4
NA19098 5 5 2 2 5
NA19099 5 5 2 2 4
NA19102 5 5 2 2 5
NA19119 4 4 2 2 3
NA19152 5 4 2 2 4
NA19153 7 6 2 3 6
NA19159 5 5 2 2 5
NA19160 5 5 2 2 4
NA19200 5 5 2 2 5
NA19201 6 6 2 3 6
NA19204 7 7 2 3 6
NA19207 6 6 2 3 5
NA19209 5 5 2 3 4
NA19238 4 4 2 2 3
NA19239 5 4 2 2 3
